0.044227 0.0455399 0.0523061 0.0384251 0.0549205 0.0426395 0.06054 0.0467852 0.0474603 0.0427213 0.053222 0.0567932 0.046791 0.0628496 0.051276 0.0537481 0.0466865 0.0471293 0.0597666 0.0461726 
0.0450884 0.0367322 0.0625164 0.0548575 0.0569566 0.0555174 0.0418573 0.0584594 0.0580334 0.0343984 0.0496608 0.0470951 0.0374578 0.0661111 0.0629944 0.0487744 0.0298787 0.0430931 0.0779658 0.0325517 
0.0886584 0.0598161 0.0433245 0.0249591 0.0232763 0.0510007 0.0283929 0.0873237 0.0244564 0.0371872 0.0647296 0.0331794 0.0783199 0.0291755 0.120708 0.056627 0.0246339 0.0321833 0.0497567 0.0422918 
0.053822 0.0531159 0.0669472 0.0713917 0.0633753 0.043989 0.0474313 0.0331224 0.0470596 0.0431718 0.0391686 0.0440568 0.0540576 0.0485697 0.0589011 0.0634731 0.04212 0.052364 0.0446561 0.029207 
0.0572983 0.0409253 0.0492334 0.0472213 0.0530158 0.0517028 0.0519765 0.0525329 0.0531328 0.0468061 0.0470859 0.0571228 0.052338 0.0452218 0.0496778 0.0573035 0.0515857 0.050736 0.0485341 0.0365493 
0.0530544 0.0423338 0.0508258 0.0579676 0.052814 0.0470237 0.0545155 0.0562443 0.0439987 0.0516849 0.0577614 0.0505348 0.0477167 0.0471879 0.0547197 0.0519179 0.0508146 0.0427044 0.0517364 0.0344436 
0.0521898 0.0444297 0.0576302 0.0614788 0.0543134 0.0476987 0.0463841 0.0501711 0.0448004 0.0483092 0.0464975 0.0486571 0.0536947 0.050382 0.0592116 0.0569335 0.0469401 0.0479287 0.051385 0.0309644 
0.0759706 0.0562772 0.0461244 0.0390265 0.0464144 0.0517141 0.0399989 0.0509384 0.0423623 0.0415499 0.0443873 0.0511251 0.0507648 0.0521694 0.0511153 0.0819745 0.0477747 0.0476987 0.0503576 0.0322558 
0.0462127 0.0419305 0.0535822 0.0439185 0.0525151 0.0455639 0.0568783 0.050272 0.049767 0.0464798 0.0528609 0.0610511 0.0850685 0.0452427 0.0536955 0.0563738 0.0417286 0.0476753 0.0392131 0.0299705 
0.0565667 0.0405432 0.0574979 0.0568348 0.0566981 0.0476764 0.0563747 0.0583135 0.0472623 0.0487498 0.0669724 0.0475639 0.0505404 0.0483152 0.0579263 0.0548094 0.0392531 0.0384033 0.0403555 0.029343 
0.051267 0.0459704 0.0528683 0.0456871 0.064527 0.0475956 0.0486829 0.0538012 0.0487599 0.049981 0.0475877 0.0476746 0.0600073 0.0529956 0.0603787 0.0581299 0.0446104 0.0469059 0.0422034 0.0303662 
0.0565228 0.0249556 0.0607761 0.0447331 0.0373808 0.0647906 0.0356395 0.0674515 0.0395911 0.0615582 0.065018 0.0489019 0.0605379 0.0418027 0.0443347 0.0460124 0.0441882 0.0701297 0.0633532 0.022322 
0.0678744 0.0405755 0.0576572 0.0533043 0.0441411 0.0540307 0.0528109 0.0598197 0.0478331 0.0477356 0.0534083 0.0373033 0.053791 0.0516368 0.0614248 0.0396275 0.0462764 0.041476 0.054274 0.0349995 
0.0559259 0.0454474 0.050476 0.0521145 0.0504092 0.0519478 0.0558111 0.0476983 0.0473932 0.0515896 0.0535456 0.057183 0.0463924 0.0528545 0.0545022 0.0498428 0.0473306 0.0380694 0.0578186 0.0336478 
0.0448863 0.037339 0.043716 0.0431285 0.053284 0.0479337 0.0456501 0.0442869 0.045042 0.0511486 0.0537473 0.0355164 0.0434943 0.0509522 0.0462244 0.152777 0.0384291 0.0508835 0.0435004 0.0280599 
0.0516308 0.0454703 0.0579755 0.0423819 0.0524543 0.0452844 0.0484092 0.0479437 0.0598224 0.052926 0.0478805 0.0500345 0.0510531 0.0452259 0.0592987 0.0556807 0.0471113 0.0547609 0.0441312 0.0405247 
0.0593351 0.0481596 0.0549425 0.0545865 0.0500655 0.0464202 0.047792 0.051546 0.0491383 0.0473762 0.0578883 0.0476174 0.0498353 0.0486258 0.0628278 0.0459944 0.056933 0.0457371 0.043712 0.031467 
0.0536682 0.0432607 0.0588767 0.044821 0.0616666 0.0463449 0.0538949 0.0501885 0.038943 0.0468605 0.052347 0.0528835 0.0523327 0.0455097 0.0528291 0.0556591 0.0607778 0.0525871 0.0452188 0.03133 
0.0658997 0.0292006 0.0542746 0.0544123 0.0403999 0.0508326 0.0464817 0.057205 0.0261281 0.0566103 0.0461549 0.044227 0.050763 0.0377586 0.0640397 0.0420405 0.03242 0.0511035 0.124007 0.0260416 
0.0500462 0.0815546 0.0477843 0.0464615 0.0459661 0.0423572 0.0472104 0.0498309 0.0684022 0.0535762 0.0519788 0.0473621 0.0644708 0.0429329 0.0601422 0.0441785 0.0419181 0.0395912 0.0483611 0.0258746 
0.0524825 0.0445739 0.0416742 0.0415311 0.0514912 0.0564024 0.0549497 0.0586232 0.050782 0.0548739 0.0563778 0.0527541 0.0514806 0.0508755 0.0463315 0.0490469 0.0495954 0.0419305 0.0529284 0.0412949 
0.0489321 0.036613 0.0504905 0.0411569 0.0381309 0.031788 0.037562 0.151101 0.0405617 0.0441327 0.0596523 0.0584402 0.0535436 0.0546432 0.0434453 0.0459816 0.0365858 0.0413779 0.0346724 0.0511885 
0.0432594 0.0565747 0.0451771 0.0601042 0.0539878 0.0457891 0.050203 0.0535566 0.0355921 0.0372875 0.0692861 0.0442001 0.0487055 0.0480697 0.0605233 0.0629908 0.0364506 0.0502376 0.0658934 0.0321113 
0.040987 0.0351117 0.0829946 0.0493033 0.0649511 0.0429663 0.051649 0.050679 0.0649703 0.0369365 0.0409541 0.0796261 0.0384268 0.0401395 0.0459668 0.0524198 0.0511748 0.0401549 0.0644025 0.0261858 
0.0417287 0.0299625 0.0324372 0.0338147 0.0468817 0.0786427 0.0512325 0.0613596 0.0939564 0.108785 0.038772 0.0363138 0.0396117 0.0501424 0.0503495 0.0724481 0.035607 0.0325682 0.0390146 0.0263721 
0.0567739 0.0449755 0.0522156 0.0657247 0.0394321 0.0518602 0.0584466 0.0641817 0.045247 0.0402407 0.0547838 0.0628033 0.0417238 0.0510164 0.0673454 0.0397411 0.0404652 0.0456783 0.0416726 0.0356723 
0.0394011 0.0346618 0.0430762 0.071831 0.0525186 0.0457884 0.0392605 0.0689518 0.0425083 0.0733144 0.0860195 0.0375689 0.039414 0.0345252 0.0462711 0.0475365 0.0484814 0.0549347 0.0596687 0.0342677 
0.050905 0.0244449 0.0222517 0.0769538 0.0260822 0.208391 0.0307976 0.0765323 0.0395291 0.0237343 0.0318617 0.0391433 0.0779944 0.0297549 0.0416641 0.0614945 0.0280227 0.0307409 0.0342152 0.0454865 
0.0504839 0.0412514 0.0383173 0.0480775 0.045509 0.0422844 0.038676 0.0716187 0.0577494 0.036079 0.0654011 0.0541191 0.0564248 0.0380744 0.0798354 0.0591331 0.0536187 0.0519728 0.0459196 0.0254543 
0.0476556 0.050415 0.0302656 0.0615636 0.0523761 0.0468681 0.0740315 0.0448985 0.0366391 0.0549357 0.0499458 0.0767492 0.0414538 0.0806083 0.0520904 0.0381818 0.0452413 0.0356405 0.056658 0.0237819 
0.0574062 0.00770675 0.00432292 2.34461e-05 0.00117609 0.0187888 0.0975651 0.115677 0.0551813 0.0856907 0.134345 0.312771 0.0255999 0.00707744 0.0216062 0.0462473 0.00706995 2.32223e-05 2.45958e-05 0.00169755 
0.0595288 0.0518731 0.0561735 0.0446474 0.0507767 0.0361448 0.0404875 0.0433924 0.076504 0.0400052 0.0420933 0.0481931 0.0398478 0.0599667 0.059154 0.0685675 0.054722 0.0424733 0.0535387 0.0319103 
0.0332209 0.0992955 0.0283704 0.0275376 0.0403614 0.112032 0.0341381 0.0271173 0.0312215 0.0281028 0.0262246 0.0292797 0.0325027 0.0216439 0.0297098 0.0238722 0.0401038 0.0668599 0.0817532 0.186653 
0.0528675 0.0444652 0.0489077 0.0468814 0.0645489 0.0396 0.0456191 0.060634 0.0478672 0.045396 0.0551872 0.051502 0.0421985 0.0546933 0.0587881 0.0682334 0.0431534 0.0437798 0.046168 0.0395093 
0.0486027 0.0457572 0.0662324 0.0458085 0.054414 0.0565495 0.0613371 0.0483982 0.0491137 0.0536377 0.0487228 0.04687 0.0562738 0.0468345 0.0667715 0.046484 0.0433526 0.0395107 0.0473391 0.0279898 
0.06368 0.0414274 0.0529121 0.0407742 0.058799 0.0353628 0.0441728 0.0524596 0.0410703 0.0431708 0.0676446 0.0533372 0.0473857 0.0400048 0.0615232 0.0748429 0.0508564 0.0396096 0.0528048 0.0381618 
0.0477899 0.0423534 0.0442917 0.0447055 0.067284 0.0500396 0.0491562 0.0693403 0.0369061 0.049309 0.0620959 0.0450447 0.052902 0.0426257 0.0550994 0.0591451 0.0593266 0.0425125 0.0449361 0.0351365 
0.0355232 0.0407555 0.0572782 0.0716381 0.0406593 0.0481867 0.0502747 0.0638519 0.0466546 0.0292298 0.0456107 0.061772 0.0497587 0.0652949 0.0780522 0.0469652 0.0478704 0.0413559 0.0582968 0.0209715 
0.0414722 0.0577845 0.0272029 0.0366157 0.0667562 0.0451924 0.0274662 0.117296 0.0377066 0.0302178 0.0773721 0.0499532 0.058623 0.0409689 0.0551879 0.0362515 0.0654394 0.0346494 0.0569575 0.0368869 
0.0662011 0.0481525 0.0584347 0.0518662 0.0444137 0.0445183 0.0533054 0.0402048 0.0466788 0.0434757 0.0541918 0.0494763 0.0580374 0.0372134 0.0543869 0.0649737 0.0573102 0.0513471 0.0492943 0.0265178 
0.0678491 0.043848 0.054735 0.0505812 0.0491668 0.0404248 0.0462572 0.0478362 0.0452069 0.0467129 0.0493825 0.0489481 0.0516588 0.0529493 0.0665117 0.05447 0.0533006 0.04617 0.0481837 0.0358073 
0.0531764 0.0589294 0.0630962 0.0424065 0.0590539 0.0501181 0.0497602 0.0460084 0.0496467 0.041265 0.0744055 0.0459312 0.0421082 0.0377889 0.0697536 0.0550041 0.0410518 0.0482707 0.0371634 0.0350616 
0.036579 0.0692329 0.0333129 0.0352609 0.0318184 0.0484413 0.0355997 0.0492582 0.0567156 0.0566418 0.026269 0.0439854 0.0444488 0.0685532 0.0548615 0.0511497 0.030957 0.112442 0.0611888 0.0532842 
0.0790771 0.0694363 0.266014 0.0143639 0.027046 4.56479e-06 0.0358144 0.0493258 0.00909113 0.0335628 0.0602819 0.0560963 0.0526562 0.042837 0.0843783 0.0273275 0.043983 0.0433042 0.00212226 0.003277 
0.0497717 0.0383515 0.0460935 0.0415224 0.0541499 0.0471764 0.0418024 0.0524087 0.0367748 0.044959 0.0637084 0.0337318 0.0400895 0.144191 0.0542024 0.0507736 0.0430248 0.0412184 0.0462753 0.0297748 
0.0525535 0.0382192 0.0417051 0.0444944 0.0390154 0.0457461 0.0353487 0.0458029 0.139958 0.0524248 0.0863863 0.0411965 0.0410655 0.0282741 0.054733 0.0389185 0.0367058 0.0474292 0.0621491 0.0278741 
0.0578369 0.0420774 0.0517454 0.0510724 0.0606951 0.0469774 0.0418808 0.0459969 0.0522454 0.0654685 0.0595854 0.050231 0.0388761 0.0380351 0.0653096 0.0559563 0.0449248 0.0642213 0.036987 0.0298772 
0.0419358 0.029072 0.0300334 0.0530034 0.360794 0.0156665 0.0459332 0.0322993 0.0540237 0.0275481 0.0360928 0.0380679 0.0373192 0.0278571 0.0338754 0.0390827 0.0278019 0.0185509 0.0329223 0.0181199 
0.0529338 0.039729 0.0651187 0.0499928 0.0542251 0.0525395 0.0538188 0.0569611 0.048287 0.0481762 0.0514313 0.0528366 0.0516456 0.0453728 0.0580161 0.0486916 0.0470277 0.0444073 0.0433662 0.0354226 
0.0713268 0.0418101 0.0269704 0.0858575 0.0726792 0.0197522 0.079384 0.139867 0.0453649 0.0248078 0.0632471 0.0154433 0.0552854 0.0615835 0.0433151 0.046873 0.0166606 0.0356549 0.0368238 0.0172931 
0.0151267 0.0140596 0.0201741 0.00817972 0.0524721 0.0278508 0.0108234 0.0128918 0.0213187 0.0377951 0.224871 0.0187172 0.025618 0.0279695 0.0297118 0.0366554 0.031032 0.350206 0.0152486 0.0192788 
0.0577581 0.0559102 0.0737885 0.0468701 0.0314 0.0605272 0.0450933 0.0611209 0.0483973 0.0390605 0.0547577 0.048676 0.0587276 0.0596565 0.0380336 0.0613097 0.0430355 0.0343023 0.0396884 0.0418865 
0.0304536 0.0316006 0.051577 0.129394 0.0638933 0.0418029 0.0553435 0.0333003 0.0312739 0.0483148 0.0565564 0.057399 0.0323167 0.031328 0.0462296 0.0403002 0.0678037 0.0251188 0.0956312 0.0303623 
0.054704 0.0433016 0.0484996 0.0482227 0.056435 0.0572007 0.0476941 0.054167 0.0486832 0.0402 0.052492 0.0469457 0.0523961 0.0562705 0.0577661 0.0615397 0.0434161 0.0518631 0.0459347 0.0322681 
0.0850972 0.0351437 0.0519379 0.0747529 0.0432355 0.0534479 0.0570529 0.0493522 0.0364509 0.0366934 0.0695595 0.0605397 0.0516072 0.0234149 0.0598423 0.0810841 0.0308575 0.0383092 0.0370971 0.0245237 
0.0817894 0.0539328 0.155258 0.0279215 0.0416611 0.0188926 0.0447852 0.0535692 0.0233903 0.0411687 0.0564168 0.0449405 0.054559 0.0439187 0.0739596 0.0463073 0.0466429 0.0434793 0.025979 0.0214283 
0.0335317 0.0421316 0.0844792 0.0254541 0.0566122 0.0470301 0.050314 0.0660208 0.0684218 0.048353 0.0436763 0.0502954 0.0842426 0.0339962 0.0538699 0.0433002 0.0303475 0.0565284 0.0459781 0.0354169 
0.0519086 0.0340368 0.0351277 0.0344651 0.0397361 0.0379047 0.0528103 0.0403447 0.025279 0.0340299 0.10588 0.125619 0.0395234 0.0277392 0.0557853 0.0600149 0.0483737 0.0352106 0.0769386 0.039273 
0.0413667 0.323614 0.0323302 0.0252394 0.032994 0.0314412 0.0300413 0.111745 0.0328412 0.0466335 0.0327915 0.0279791 0.0269489 0.0250672 0.0327146 0.0327679 0.0345037 0.0321039 0.0286076 0.018269 
0.0384269 0.0352834 0.0341269 0.0995878 0.0346666 0.0497116 0.0372321 0.128282 0.0267277 0.0814619 0.0327291 0.0388939 0.035425 0.0328131 0.0395257 0.0411282 0.0768428 0.0800315 0.0301469 0.0269569 
0.0346173 0.0374712 0.0507762 0.0418904 0.0230903 0.0642056 0.0652267 0.0576738 0.0509482 0.0509281 0.0651694 0.0516444 0.0589057 0.0655878 0.0388552 0.0454972 0.0510662 0.0552626 0.057183 0.0340007 
0.0449997 0.0364686 0.0454353 0.0660994 0.0715835 0.0347123 0.0459822 0.0693611 0.0321638 0.0312126 0.0834289 0.0432058 0.0427865 0.0532551 0.0523559 0.0632393 0.0554317 0.0367958 0.0563661 0.0351164 
0.0587406 0.0414686 0.064229 0.0576065 0.0549944 0.0446182 0.0436359 0.0547825 0.0596218 0.0528562 0.0548199 0.0458147 0.0444651 0.0454619 0.0525457 0.0617821 0.0477773 0.0398076 0.040211 0.034761 
0.15401 3.60037e-05 4.01912e-05 4.24568e-05 0.00642386 3.8653e-05 3.86097e-05 0.0476363 3.75667e-05 0.209046 4.23968e-05 0.260364 3.94431e-05 0.0744936 3.03132e-05 0.170959 3.37171e-05 0.0226426 3.9438e-05 0.0540062 
0.0638275 0.0389147 0.0551913 0.0466421 0.0430533 0.0473972 0.0454658 0.0601269 0.034461 0.0484846 0.0557571 0.0434553 0.0628507 0.0404269 0.0545911 0.0700229 0.0439367 0.0521369 0.0528921 0.040366 
0.0382749 0.0435373 0.0449423 0.0512357 0.0464999 0.0442625 0.0739926 0.0476318 0.0570069 0.0504358 0.0712538 0.051929 0.0503577 0.0396042 0.0837472 0.0510105 0.0486412 0.0260079 0.0555064 0.0241224 
0.0464775 0.0381667 0.0563376 0.0547082 0.044691 0.0532792 0.0496431 0.0553299 0.0432876 0.0523399 0.0636351 0.0501837 0.0489648 0.0553132 0.0436092 0.0670052 0.0458153 0.0384786 0.0512932 0.0414413 
0.0558083 0.0385498 0.0589819 0.0527207 0.0571605 0.0454428 0.0518014 0.0528039 0.0471142 0.0458413 0.0558226 0.0511044 0.0548528 0.0476197 0.0680845 0.0447052 0.0480424 0.0494064 0.0447557 0.0293816 
0.0402711 0.0385853 0.0363188 0.0290002 0.0418074 0.0387054 0.0571515 0.0630744 0.0363264 0.0479243 0.0584462 0.0469296 0.0809264 0.0370459 0.0656705 0.0884526 0.0407876 0.0709623 0.0445919 0.0370223 
0.0480487 0.0424222 0.0484422 0.043762 0.0529249 0.0487569 0.0359363 0.0484781 0.0478604 0.0515828 0.0788779 0.046491 0.0448417 0.0490941 0.0651975 0.0646434 0.0605676 0.0395752 0.0470269 0.0354702 
0.0559091 0.0392162 0.0453563 0.0561892 0.0598455 0.0427055 0.0404819 0.0524029 0.0385192 0.0360406 0.0722457 0.0606578 0.0400126 0.0354902 0.0607966 0.105647 0.0449543 0.0379854 0.0431364 0.0324082 
0.0574674 0.0443993 0.042549 0.0608271 0.075238 0.0423504 0.0485248 0.0624435 0.0381933 0.0523114 0.0574555 0.0506395 0.0425137 0.0451982 0.0501835 0.0674905 0.0381136 0.041171 0.0516692 0.031261 
0.039269 0.0382921 0.0476616 0.0800556 0.0533909 0.0415473 0.0493752 0.051347 0.0663966 0.0477282 0.064746 0.0436451 0.0386953 0.0650499 0.0658089 0.053622 0.0393566 0.0424046 0.0435976 0.0280106 
0.0451159 0.0593189 0.0740341 0.0464721 0.0484185 0.0495692 0.0414095 0.0533322 0.0542445 0.0382609 0.039553 0.061153 0.0492014 0.0482408 0.0527474 0.0498144 0.0492488 0.0538798 0.0419266 0.0440591 
0.00939405 0.00811624 0.0706441 0.00416014 0.00251778 0.100912 0.229398 0.0140038 0.0415408 0.0323366 0.024575 0.0195993 0.139735 0.0013041 0.0456454 0.197412 0.0386263 0.00797321 0.00242393 0.0096824 
0.049927 0.0407036 0.0503064 0.0543713 0.0476481 0.0465956 0.0554438 0.0607092 0.0426588 0.0509057 0.0495774 0.0409797 0.0619075 0.0428811 0.0554455 0.065738 0.0485751 0.0478504 0.0492525 0.0385235 
0.050112 0.0287187 0.0708973 0.036012 0.0335938 0.0641485 0.064492 0.0498492 0.0384744 0.0453796 0.0431476 0.0447541 0.0769535 0.0314965 0.0905895 0.0781551 0.0465171 0.0462254 0.0358082 0.0246754 
0.0952164 0.0638156 0.0286033 0.0138887 0.0241559 0.0354251 0.0332399 0.0174288 0.0524367 0.23743 0.0691084 0.0136586 0.0694902 0.0162533 0.0198514 0.0506506 0.0870081 0.0236211 0.026268 0.0224498 
0.0566422 0.028816 0.0699128 0.0830971 0.0456399 0.0771386 0.0432771 0.0691121 0.0351367 0.0295411 0.0768168 0.0249364 0.0238587 0.0528892 0.0305233 0.112723 0.0477829 0.0216014 0.0323819 0.0381727 
0.043408 0.0456936 0.0508193 0.0749405 0.0656868 0.0429086 0.0475532 0.04774 0.0492608 0.04309 0.0742809 0.0604369 0.0331642 0.0379997 0.0618605 0.0623797 0.0414641 0.0330856 0.0527584 0.0314692 
0.0638275 0.0389147 0.0551913 0.0466421 0.0430533 0.0473972 0.0454658 0.0601269 0.034461 0.0484846 0.0557571 0.0434553 0.0628507 0.0404269 0.0545911 0.0700229 0.0439367 0.0521369 0.0528921 0.040366 
0.0743973 0.0764964 0.0352596 0.0261882 0.0280191 0.0927331 0.047888 0.042556 0.025364 0.0744346 0.0279785 0.0442027 0.0731631 0.0274456 0.090017 0.0702012 0.0352795 0.0331415 0.0321745 0.0430602 
0.0467008 0.102145 0.0328672 0.130551 0.0262405 0.0331237 0.0475755 0.0226241 0.0265705 0.0534279 0.030588 0.0182497 0.0449416 0.0569524 0.0265203 0.0352276 0.0360587 0.0332555 0.155837 0.0405422 
0.0631708 0.043614 0.063014 0.0440183 0.0421395 0.0478922 0.0464294 0.0619594 0.0446366 0.044569 0.0552665 0.0464449 0.056941 0.0521244 0.0449474 0.0637815 0.0474437 0.0461064 0.0513139 0.0341871 
0.0500071 0.052902 0.0675539 0.0478902 0.0473018 0.0284584 0.052177 0.0743951 0.0343416 0.0621004 0.0434064 0.035422 0.0562011 0.0616427 0.0644606 0.056175 0.0382262 0.0505485 0.047357 0.0294329 
0.0515555 0.041759 0.055709 0.0600821 0.0432919 0.0489327 0.0494786 0.0552052 0.0462025 0.0467365 0.0631911 0.0536922 0.0519408 0.0533458 0.0448281 0.0648385 0.0417067 0.0365857 0.0521895 0.0387285 
0.0497447 0.0520952 0.0469097 0.0598725 0.0476886 0.0533069 0.0505191 0.0678156 0.0521272 0.0467618 0.0530783 0.0469283 0.0354471 0.0490948 0.0389785 0.0621558 0.0447845 0.0440973 0.053275 0.045319 
0.0445087 0.0509683 0.094039 0.0402016 0.0488156 0.0251272 0.0617366 0.0832717 0.0696317 0.0373303 0.0423556 0.0531225 0.0559937 0.0229739 0.0689154 0.0775288 0.0725036 0.0157957 0.0165134 0.0186667 
0.00509953 0.00497885 0.00519214 0.00473929 0.00520494 0.904828 0.00463275 0.00526273 0.0052804 0.00458596 0.00518065 0.00515897 0.00502568 0.00514815 0.00633602 0.00503674 0.00455506 0.00460991 0.00511923 0.0040253 
0.0576309 0.0377382 0.0529832 0.0451455 0.0599721 0.0387952 0.0515994 0.0536966 0.0471311 0.0502504 0.0541969 0.0467778 0.0566259 0.0498003 0.0610805 0.0584679 0.0467837 0.043015 0.0497119 0.0385974 
0.0443243 0.0481582 0.0664477 0.0544595 0.0541654 0.056197 0.0539044 0.0532803 0.049506 0.0302697 0.0448722 0.0487202 0.0639838 0.0581062 0.0655959 0.0498871 0.0369245 0.0377534 0.055823 0.0276212 
0.0617863 0.0500022 0.07734 0.0462414 0.0368473 0.0432674 0.0499239 0.0615238 0.0490651 0.0445648 0.060818 0.0424217 0.0503407 0.0597916 0.0425502 0.0674693 0.0500988 0.0279597 0.0386863 0.0393017 
0.0649768 0.0390281 0.065477 0.0370633 0.0652703 0.0542437 0.0376335 0.0402781 0.0698601 0.074354 0.0787107 0.0644752 0.0448936 0.0288624 0.0323892 0.0726997 0.026844 0.0335866 0.0391027 0.0302509 
0.000176599 0.000695671 0.000208678 0.000461597 0.00212631 0.000273682 0.106638 0.00130196 0.00552552 0.000161031 0.771473 0.0108533 0.000323283 0.00154869 5.1388e-05 0.000140156 0.0437713 0.046488 0.000563487 0.00721745 
0.124574 0.0436878 0.0431834 0.0486738 0.0334606 0.0268778 0.0428256 0.0750069 0.0381314 0.032143 0.0726108 0.0355686 0.0805922 0.0748282 0.0300252 0.0605166 0.0213294 0.0474645 0.0405037 0.0279971 
0.0688627 0.0405921 0.056526 0.053176 0.0437083 0.0458146 0.0451678 0.062564 0.0363697 0.0509108 0.0541111 0.0438981 0.0543774 0.0430326 0.0563676 0.0662063 0.0459725 0.0454441 0.0540556 0.0328427 
0.0538624 0.0362836 0.0558335 0.0693197 0.0477686 0.0263127 0.0315383 0.0742655 0.0412609 0.0550285 0.0318342 0.0517572 0.0441595 0.0510157 0.064817 0.0723491 0.0533114 0.0494128 0.0595754 0.0302942 
0.0252648 0.0971861 0.0203265 0.0376943 0.0934608 0.0556822 0.0246495 0.0632943 0.024326 0.0390492 0.0906457 0.0383301 0.0530495 0.0790188 0.0259078 0.0363667 0.0789092 0.0484735 0.0488326 0.0195323 
0.0477814 0.0615827 0.0873201 0.0286992 0.0577473 0.0239094 0.016071 0.0684634 0.0337348 0.0414187 0.0907211 0.0579681 0.0287509 0.0561519 0.0560855 0.0181037 0.0380346 0.117997 0.0305199 0.0389399 
0.725389 0.00167723 0.0011026 0.000889695 0.00116544 0.00155121 0.00106945 0.00126145 0.00117073 0.000986103 0.00225936 0.00131482 0.00117223 0.00131813 0.245297 0.00131932 0.0016578 0.00108141 0.00114499 0.00717128 
0.037082 0.0346175 0.06148 0.0276806 0.0769213 0.0312558 0.0496014 0.0363478 0.0532605 0.0429936 0.0447064 0.0460877 0.0383312 0.0522152 0.189904 0.0327446 0.0415575 0.0499735 0.0258307 0.027409 
0.084147 0.0328305 0.0612201 0.0466022 0.04289 0.0340771 0.0428807 0.0500339 0.0528134 0.0615256 0.0574031 0.0591675 0.0515215 0.0431252 0.0549358 0.0341452 0.0711666 0.0391426 0.0370844 0.0432874 
0.0715933 0.07369 0.0577779 0.0781737 0.0450711 0.0587248 0.0442174 0.0477676 0.0465323 0.0458365 0.0552976 0.0344559 0.047319 0.0705393 0.0407852 0.0468479 0.0373823 0.0326637 0.0360243 0.0293003 
0.0595874 0.0431645 0.0576569 0.0523457 0.0537141 0.0485785 0.0522888 0.0566821 0.0382468 0.0449239 0.0523908 0.0474029 0.0547823 0.0484196 0.0563903 0.0483234 0.0508883 0.0569541 0.0470342 0.0302256 
0.0494233 0.0406598 0.0565329 0.0425318 0.0497127 0.0393943 0.0531021 0.0479387 0.0572127 0.0479385 0.0666935 0.0474315 0.0597792 0.0525188 0.0419195 0.059673 0.0533249 0.048771 0.0474789 0.0379628 
0.0374413 0.029867 0.0629628 0.0581924 0.100685 0.0430429 0.0282401 0.0632281 0.0691166 0.0651988 0.0425321 0.0730831 0.0326714 0.0702071 0.0525231 0.0278971 0.0417079 0.0331417 0.046101 0.02216 
0.0572028 0.0419451 0.0440684 0.0535498 0.0610868 0.0440503 0.048587 0.0520635 0.042738 0.0439783 0.0600074 0.0588344 0.0473278 0.0422228 0.0567223 0.0800599 0.044038 0.046152 0.0498983 0.0254668 
0.04553 0.0627816 0.0413197 0.0406407 0.0503679 0.028662 0.0196372 0.106676 0.0657928 0.0475983 0.0411298 0.063104 0.0409849 0.0366435 0.0441495 0.0536168 0.0495179 0.0913675 0.032014 0.0384658 
0.063304 0.0483823 0.0543396 0.0605355 0.047776 0.0467793 0.0480086 0.0447252 0.0518822 0.0398105 0.0557743 0.0572095 0.0574939 0.0605055 0.0479435 0.0499233 0.0388346 0.0452147 0.0489899 0.0325675 
0.194444 0.100038 0.0339837 0.0284395 0.029349 0.0251412 0.0262581 0.0353943 0.0248616 0.0276386 0.0339715 0.0285041 0.0342704 0.0445263 0.0280197 0.132311 0.060953 0.0621363 0.0274044 0.022355 
0.0445208 0.0472956 0.0591106 0.0838833 0.0527708 0.0457446 0.0467173 0.0539084 0.0525796 0.0452694 0.0656754 0.0608481 0.0341474 0.0378385 0.0548551 0.0571847 0.0353252 0.0381956 0.0555148 0.0286147 
0.0599182 0.0340354 0.0538476 0.0562121 0.0502163 0.0432072 0.0377229 0.0510349 0.0408381 0.0388986 0.0361443 0.0656232 0.0758956 0.0407351 0.0475021 0.0542146 0.100858 0.0428494 0.0404132 0.0298328 
0.0654109 0.075647 0.0454142 0.0344963 0.0442887 0.0550185 0.0570776 0.0474994 0.0505361 0.0398226 0.0535386 0.0494192 0.0452053 0.0493501 0.064227 0.030314 0.0533103 0.0525761 0.0494952 0.037353 
0.0564911 0.0513606 0.0446013 0.0441017 0.0441832 0.0323557 0.0519184 0.0460161 0.059744 0.0590605 0.0601003 0.0886013 0.0531448 0.0375361 0.0601627 0.0459722 0.0377285 0.0429339 0.0492293 0.0347584 
0.0395299 0.0463418 0.0813347 0.0565868 0.175441 0.048558 0.0227128 0.0264867 0.130394 0.0480056 0.0264345 0.027868 0.0356081 0.0268365 0.0318241 0.0399039 0.0677207 0.0272662 0.0223634 0.0187833 
0.0573725 0.0376534 0.0549866 0.0511402 0.06078 0.0399801 0.0514719 0.0547432 0.0444907 0.0535891 0.0573163 0.051167 0.0533523 0.044079 0.0665095 0.0527615 0.0433472 0.0410654 0.0526774 0.0315166 
0.0721787 0.0538079 0.0994231 0.0225884 0.0272627 0.0554662 0.0516683 0.0533035 0.0454165 0.0281039 0.0418572 0.0366924 0.0355995 0.0423918 0.100072 0.0619703 0.0429987 0.0404859 0.0521109 0.036602 
0.0476237 0.056705 0.0291114 0.0851583 0.0609707 0.0315154 0.0560146 0.0429158 0.0357773 0.0217646 0.0535247 0.0862836 0.0371406 0.0668005 0.0460014 0.117977 0.0338233 0.032076 0.026543 0.0322734 
0.0688032 0.0355036 0.0551387 0.0548337 0.0343422 0.0957696 0.0430618 0.0394887 0.0258033 0.0515099 0.0663185 0.0528376 0.0407143 0.0792783 0.0373703 0.0426633 0.0250363 0.0787008 0.0527766 0.0200492 
0.0163808 0.0153691 0.0596694 0.0216872 0.0162539 0.0173519 0.015851 0.469476 0.018321 0.019055 0.0160044 0.0145107 0.0184821 0.0206658 0.0177499 0.18484 0.0151935 0.0152932 0.0153438 0.0125012 
0.0406358 0.0298166 0.0452071 0.0515084 0.044279 0.051074 0.132116 0.04735 0.0425272 0.0439687 0.0420751 0.0514845 0.0559811 0.0408007 0.0509831 0.0806072 0.0518763 0.0395577 0.0332171 0.0249341 
0.0374893 0.038951 0.0384762 0.0554185 0.0479631 0.0450537 0.0395682 0.111044 0.034028 0.0322044 0.0444478 0.0415927 0.0356078 0.12532 0.0734105 0.046199 0.0316635 0.0410316 0.0512864 0.0292446 
0.0585721 0.0500888 0.0496334 0.0447039 0.0427985 0.0464021 0.0391945 0.047737 0.0636008 0.0562921 0.0636126 0.0456176 0.0487316 0.0388016 0.0950502 0.0502146 0.0363145 0.0524949 0.0422564 0.0278827 
0.0511343 0.0371894 0.0498026 0.0477677 0.0885993 0.0591465 0.045053 0.050014 0.029588 0.0995004 0.0639275 0.0413869 0.0367247 0.0544062 0.0386224 0.0504016 0.0392966 0.0387078 0.0448719 0.0338591 
0.0433669 0.0454616 0.0634147 0.0621234 0.0377746 0.0448248 0.0778906 0.0990067 0.0331367 0.0381109 0.0648101 0.0374087 0.0474199 0.0470498 0.0544993 0.0558524 0.0413513 0.0356579 0.0359781 0.0348617 
0.0615213 0.0440267 0.0438 0.0434448 0.0575775 0.0419559 0.0517742 0.0668228 0.0374543 0.0432064 0.0687392 0.0388394 0.0675814 0.0344467 0.0616228 0.0418613 0.044072 0.0440702 0.0635072 0.0436758 
0.0596428 0.0479182 0.0509987 0.0528092 0.0458131 0.0430119 0.0538954 0.0598711 0.0462642 0.0429762 0.0566232 0.0401654 0.0539671 0.0468773 0.0484636 0.0595148 0.0637184 0.0457078 0.046048 0.0357135 
0.0503029 0.0359409 0.0518913 0.0542921 0.0508471 0.0416512 0.0527585 0.0453794 0.0426811 0.051789 0.0664872 0.0666593 0.0594494 0.0381164 0.0645291 0.05107 0.0577361 0.0380836 0.0487619 0.0315735 
0.0533556 0.0386193 0.0492176 0.0432618 0.0586301 0.043027 0.0514875 0.0650357 0.0496039 0.0469085 0.0570816 0.0484315 0.0422035 0.0516695 0.0526817 0.0699337 0.0468151 0.0428902 0.0492806 0.0398656 
0.0382497 0.0262876 0.0551254 0.0432241 0.056751 0.0426023 0.0427101 0.0629394 0.0450781 0.0252416 0.0943391 0.0343505 0.0629434 0.0597942 0.0479386 0.0723332 0.0296928 0.102769 0.0290404 0.0285893 
0.0634185 0.0391967 0.0519865 0.0473861 0.0554045 0.0412082 0.05558 0.0605732 0.0447288 0.045166 0.058399 0.0483706 0.0578466 0.0519717 0.052623 0.0538069 0.0484173 0.044807 0.0460167 0.0330927 
0.0520971 0.0499504 0.0452605 0.0636711 0.0478909 0.0484618 0.0419407 0.0510304 0.0352177 0.0455045 0.0772851 0.0596948 0.0458522 0.0617203 0.0633502 0.0461764 0.0365023 0.0405171 0.0497609 0.0381152 
0.0190554 0.362197 0.0255711 0.0483899 0.0405999 0.0165843 0.134922 0.0337181 0.0196424 0.0172011 0.0303673 0.036262 0.00923238 0.0469787 0.0367964 0.0344285 0.0172873 0.0465579 0.0107792 0.0134287 
0.0379276 0.0403297 0.060856 0.0637214 0.0488385 0.0457421 0.0522436 0.0518577 0.049699 0.0308111 0.0609018 0.0557782 0.0614534 0.0531416 0.0755918 0.0541814 0.0355755 0.0307551 0.0620234 0.028571 
0.0648156 0.0594377 0.0516234 0.0548204 0.0618264 0.0348969 0.0383413 0.0534599 0.0635808 0.0636927 0.0535849 0.033727 0.0394261 0.0522579 0.0420482 0.0492428 0.0530552 0.0422642 0.0498633 0.0380353 
0.049314 0.0372968 0.0411943 0.0596261 0.0687814 0.0659623 0.0432303 0.0557346 0.0503172 0.0384193 0.0504279 0.0480306 0.0523225 0.0464863 0.0544325 0.0652599 0.0580738 0.0398428 0.0471227 0.0281247 
0.0411853 0.0495299 0.0715765 0.0516727 0.0529795 0.042295 0.0633456 0.07843 0.0476798 0.0480747 0.045693 0.0377901 0.0404924 0.0826069 0.0371772 0.0662029 0.0376578 0.0283255 0.045955 0.0313304 
0.0648333 0.0758527 0.0560226 0.0493714 0.0651198 0.0362443 0.0386285 0.0437849 0.0397125 0.0422187 0.0498698 0.0373027 0.0486255 0.0653474 0.04245 0.0577738 0.0309225 0.0418057 0.0652676 0.0488463 
0.0467765 0.0801905 0.0238747 0.0374547 0.217677 0.0270016 0.0289033 0.0420873 0.0200728 0.0504523 0.0466861 0.027638 0.0176859 0.02729 0.0961991 0.0540866 0.0357198 0.055756 0.0291995 0.0352476 
0.0575501 0.0308085 0.0555115 0.0507289 0.06822 0.051011 0.0384357 0.0527458 0.0443626 0.0461596 0.0714323 0.0567205 0.0397671 0.0623468 0.0613298 0.0394698 0.028547 0.0733192 0.0382222 0.0333117 
0.0874046 0.0290652 0.022116 0.00684159 0.334132 0.00752764 0.028433 0.0305353 0.0061999 0.027542 0.0790863 0.00358574 0.024255 0.143464 0.022516 0.101822 0.00762275 0.0176975 0.0111034 0.00904987 
0.0558502 0.0329036 0.0581234 0.0496808 0.0552008 0.0489227 0.0402644 0.0602883 0.0434027 0.0468664 0.0644014 0.0546595 0.0401558 0.0531443 0.0579073 0.0491398 0.0357184 0.0732755 0.0421039 0.0379906 
0.0479532 0.0415187 0.055446 0.0429485 0.0624456 0.0448497 0.0619282 0.0471771 0.0459448 0.0408435 0.05651 0.0510607 0.0435141 0.053828 0.0619313 0.0559712 0.0628438 0.0490901 0.0436676 0.0305277 
0.0526677 0.0477534 0.0544871 0.0569079 0.0443698 0.0475671 0.0531447 0.0584399 0.0452623 0.0476893 0.0579373 0.0510133 0.0514528 0.051824 0.0504318 0.0602442 0.0466122 0.0399187 0.0445481 0.0377285 
0.0606628 0.0452346 0.0695772 0.0404275 0.0404558 0.0510939 0.0445497 0.0539087 0.0436159 0.0483333 0.064274 0.0479059 0.0466342 0.0512871 0.0457396 0.0561229 0.0538643 0.0441941 0.0534807 0.0386379 
0.0559395 0.0462546 0.0455082 0.0426752 0.0687262 0.0339424 0.0568379 0.0715659 0.0479299 0.0641923 0.0462515 0.0454808 0.0504056 0.0460579 0.0607102 0.0779872 0.0354803 0.035596 0.038744 0.0297145 
0.044002 0.0426093 0.0501771 0.0454269 0.0479125 0.0530813 0.051676 0.0679769 0.0408052 0.0609648 0.0620878 0.0510004 0.0490048 0.0462996 0.0474342 0.0563901 0.0553946 0.0391227 0.043639 0.044995 
0.0514608 0.0417385 0.0545743 0.0563012 0.0472549 0.0482537 0.0493345 0.0563042 0.0467145 0.0475555 0.0634833 0.0515233 0.0516065 0.0534813 0.0500846 0.0609795 0.0423448 0.0375093 0.054511 0.0349844 
0.0469716 0.0453428 0.0547721 0.0566371 0.0426983 0.0501929 0.0518892 0.0540939 0.048565 0.0461574 0.0584351 0.0522621 0.0520246 0.0550092 0.0420883 0.0608766 0.0447331 0.0370005 0.05138 0.04887 
0.0501323 0.0389991 0.0522431 0.0497372 0.0571102 0.0522619 0.0429934 0.0526994 0.0479725 0.0492013 0.0500465 0.0489814 0.0546203 0.0497009 0.0546653 0.0489173 0.0533834 0.0448867 0.0655046 0.0359432 
0.061409 0.0492733 0.0541824 0.0611979 0.0439563 0.042907 0.0597227 0.0524918 0.0436588 0.0488642 0.0434996 0.0623351 0.0455213 0.0510632 0.0450028 0.0452978 0.0495669 0.0434765 0.0531764 0.043397 
0.0520526 0.0442841 0.0546969 0.0494601 0.0513962 0.0391114 0.053106 0.048897 0.0499162 0.0643249 0.0514794 0.0471974 0.0518203 0.0570669 0.0602719 0.0461342 0.0449068 0.0387669 0.0569772 0.0381334 
0.0612915 0.0305836 0.0697015 0.0813486 0.0396564 0.064463 0.0400918 0.0719135 0.0374102 0.0348157 0.0753454 0.0326825 0.0322245 0.05178 0.0383213 0.0940931 0.0447291 0.0285738 0.0388115 0.032163 
0.0685005 0.0469098 0.0408508 0.0637228 0.0639746 0.0319898 0.0353764 0.0509138 0.0422449 0.024449 0.0704898 0.0704867 0.0369485 0.0242159 0.0740577 0.11078 0.0425531 0.0353673 0.0379176 0.0282505 
0.0553003 0.0340788 0.0495769 0.038874 0.0553596 0.0614898 0.043414 0.0450567 0.0463947 0.0442835 0.0517805 0.0484815 0.0432342 0.0469658 0.0680384 0.0622896 0.0411619 0.0493328 0.0751739 0.0397132 
0.03034 0.0465472 0.0195325 0.0453649 0.0500061 0.0709347 0.0317779 0.0756289 0.072521 0.0559397 0.052618 0.0330704 0.105265 0.0267428 0.064494 0.033218 0.0659372 0.0496179 0.0523833 0.0180612 
0.0678744 0.0405755 0.0576572 0.0533043 0.0441411 0.0540307 0.0528109 0.0598197 0.0478331 0.0477356 0.0534083 0.0373033 0.053791 0.0516368 0.0614248 0.0396275 0.0462764 0.041476 0.054274 0.0349995 
0.0519164 0.0396968 0.055754 0.056165 0.0571591 0.0509564 0.0554737 0.0506355 0.0480506 0.0484046 0.056185 0.0492602 0.052028 0.0548706 0.0547672 0.0462271 0.0361374 0.0470542 0.0571075 0.0321508 
0.0991929 0.0341637 0.0624165 0.0360207 0.0446173 0.0352543 0.0285425 0.0728464 0.0504489 0.0530163 0.0498636 0.0608079 0.0502821 0.0340591 0.0370862 0.0724346 0.051033 0.0439536 0.0557125 0.0282478 
9.16574e-05 8.94389e-05 9.25193e-05 8.87393e-05 9.34091e-05 9.10337e-05 9.19985e-05 8.97733e-05 8.98712e-05 0.0738882 8.92596e-05 9.05565e-05 0.144589 9.45458e-05 9.10218e-05 9.17684e-05 9.09194e-05 9.29277e-05 0.453559 0.326503 
0.0335001 0.05189 0.0533331 0.0536756 0.0524885 0.0489483 0.0617884 0.0350271 0.0501939 0.0464651 0.0392223 0.0688551 0.0830463 0.0369039 0.0640794 0.0540256 0.0283399 0.0645928 0.0320776 0.041547 
0.0580947 0.0340476 0.0601095 0.055546 0.0820989 0.0608888 0.0233252 0.0759336 0.0470373 0.064492 0.0589631 0.0511276 0.0441627 0.0519972 0.0320893 0.0402567 0.0361511 0.0511825 0.0542431 0.0182531 
0.0644664 0.0449052 0.057863 0.0572492 0.0418575 0.0465824 0.0503982 0.0546488 0.0343848 0.04681 0.0620593 0.0499863 0.05026 0.0398755 0.0573571 0.0601413 0.0523849 0.0428024 0.0518408 0.0341269 
0.0529861 0.0380036 0.0574236 0.0458195 0.0531082 0.0484051 0.0485635 0.0560421 0.0452152 0.0459967 0.0808425 0.0460777 0.0483253 0.0359154 0.0558153 0.0458381 0.0416397 0.0719371 0.0491855 0.03286 
0.0638275 0.0389147 0.0551913 0.0466421 0.0430533 0.0473972 0.0454658 0.0601269 0.034461 0.0484846 0.0557571 0.0434553 0.0628507 0.0404269 0.0545911 0.0700229 0.0439367 0.0521369 0.0528921 0.040366 
0.0724531 0.047933 0.0404621 0.0418888 0.035917 0.0529106 0.0595815 0.0603731 0.0787087 0.0325878 0.0463576 0.0682514 0.0369369 0.0398603 0.0699422 0.0480892 0.0602714 0.0336788 0.0477821 0.0260144 
0.0545967 0.0300052 0.0598875 0.0394692 0.0427441 0.0377094 0.0423811 0.0510532 0.0367224 0.0401481 0.0473797 0.0449371 0.0504618 0.0433604 0.0566535 0.0609083 0.0423693 0.0602151 0.0660179 0.0929799 
0.0379276 0.0403297 0.060856 0.0637214 0.0488385 0.0457421 0.0522436 0.0518577 0.049699 0.0308111 0.0609018 0.0557782 0.0614534 0.0531416 0.0755918 0.0541814 0.0355755 0.0307551 0.0620234 0.028571 
0.0480615 0.0391545 0.0530013 0.0577583 0.0501577 0.0489416 0.0540305 0.053094 0.0491129 0.0403582 0.0553466 0.0497323 0.0568208 0.0541553 0.0615158 0.0520347 0.0447733 0.0432932 0.0595688 0.0290886 
0.0593068 0.0335661 0.0540492 0.0479515 0.0642953 0.0408355 0.0548642 0.0572237 0.0440169 0.044453 0.0514119 0.0470169 0.0586607 0.0529287 0.054709 0.0632638 0.0409079 0.0416435 0.0498833 0.0390121 
0.0638243 0.0691406 0.0521378 0.0636537 0.0461817 0.0420005 0.0328605 0.0461058 0.0616261 0.0321098 0.0788713 0.0411077 0.0451026 0.044594 0.0656792 0.0413339 0.0640491 0.0459641 0.0337965 0.0298605 
0.0229647 0.143202 0.0313189 0.0296027 0.0327668 0.0237808 0.0300864 0.100839 0.0354349 0.0471415 0.069543 0.12292 0.0566118 0.0898938 0.0161641 0.0332042 0.0221265 0.0139143 0.0452853 0.0331998 
0.0469716 0.0453428 0.0547721 0.0566371 0.0426983 0.0501929 0.0518892 0.0540939 0.048565 0.0461574 0.0584351 0.0522621 0.0520246 0.0550092 0.0420883 0.0608766 0.0447331 0.0370005 0.05138 0.04887 
0.0669721 0.0430937 0.0392175 0.0619492 0.0660406 0.03394 0.0356957 0.0504288 0.0384622 0.0235014 0.0752946 0.0696094 0.0377481 0.0250495 0.0725655 0.118812 0.0401371 0.0355343 0.0395452 0.0264027 
0.0767571 0.0590257 0.0531409 0.0494393 0.0490026 0.0429487 0.0332809 0.0571182 0.0412169 0.0200938 0.066748 0.064559 0.043663 0.0286577 0.0629844 0.114933 0.0423694 0.0340836 0.0307652 0.0292132 
0.0230259 0.0538253 0.0231794 0.0332131 0.124209 0.0150244 0.0597894 0.070328 0.0435864 0.0323126 0.0328363 0.0366569 0.120714 0.0739813 0.0176435 0.123603 0.0319988 0.0508343 0.0243089 0.00892979 
0.05665 0.0477898 0.0554649 0.0397724 0.0490363 0.0354185 0.0397061 0.0584123 0.0605714 0.0569098 0.0525445 0.0582995 0.062197 0.0460038 0.0485612 0.0435639 0.0536489 0.0576318 0.0481868 0.0296311 
0.0418256 0.0883277 0.0856438 0.034053 0.0464911 0.0255314 0.0215562 0.0639361 0.0392879 0.042457 0.0856761 0.0576877 0.0387691 0.0604946 0.042428 0.023343 0.049578 0.0620141 0.038764 0.0521355 
0.014963 0.193017 0.0172333 0.0437308 0.081173 0.0126713 0.153126 0.0105414 0.0711767 0.112429 0.0231238 1.29779e-05 0.0517148 0.0172368 0.0502494 0.0618706 0.0229748 1.27266e-05 0.0424214 0.0203218 
0.0475515 0.0569487 0.0538626 0.0472644 0.0545554 0.044592 0.0450784 0.0527028 0.0391091 0.0352169 0.0837587 0.0388947 0.0415642 0.0429933 0.0476858 0.0609341 0.0520542 0.0562553 0.064271 0.0347069 
0.0387229 0.032253 0.0353938 0.0372973 0.0540237 0.0280921 0.240468 0.0491343 0.04585 0.0561947 0.0396359 0.035809 0.0309649 0.0281493 0.0603413 0.0643236 0.0265385 0.0454382 0.0295073 0.0218623 
0.0582966 0.0369933 0.0593727 0.0661454 0.0484516 0.0357407 0.0668433 0.0477809 0.0434711 0.0414061 0.0599559 0.0542731 0.0391132 0.0463363 0.0745825 0.0480681 0.0304947 0.03209 0.0431646 0.06742 
0.0534143 0.0427029 0.0575238 0.0466799 0.0722041 0.057713 0.0383799 0.0561942 0.0607456 0.0389611 0.0596567 0.0438331 0.068001 0.0392405 0.0578278 0.0492246 0.0374226 0.0440919 0.0429122 0.0332708 
0.0694489 0.0460623 0.0516314 0.0554527 0.0588 0.05387 0.0454886 0.0543293 0.0382434 0.0418321 0.0635945 0.0456526 0.0477808 0.0535293 0.0517604 0.048921 0.0467785 0.0511415 0.0447405 0.0309419 
0.0596386 0.0394832 0.0538302 0.0556561 0.0536776 0.0424043 0.0460965 0.0590961 0.0473726 0.0481767 0.0623252 0.0497101 0.0488905 0.0478957 0.0608747 0.058485 0.0427094 0.0440556 0.0487047 0.0309173 
0.0351113 0.0294356 0.0391539 0.0356493 0.0312446 0.0293131 0.0322013 0.0308897 0.209081 0.0299221 0.120461 0.0346375 0.0363642 0.0346447 0.0363515 0.0350279 0.0315225 0.0343977 0.109292 0.0253004 
0.00169268 0.00136991 0.0015336 0.00162785 0.00156564 0.00141992 0.0013643 0.00157758 0.00137341 0.00133631 0.00149842 0.971823 0.00149316 0.00146139 0.00155632 0.00160383 0.00136601 0.00146252 0.00169297 0.00118134 
0.0404753 0.0325916 0.0403359 0.0383548 0.0414166 0.0415071 0.0366598 0.0422826 0.153697 0.0374455 0.101402 0.0371905 0.0451199 0.0301664 0.0478294 0.0436635 0.0361647 0.0401871 0.086166 0.0273442 
0.0530444 0.0388506 0.0561224 0.0537802 0.0604055 0.044784 0.0584371 0.0459515 0.0419882 0.0411385 0.0624031 0.0522016 0.0518471 0.0589595 0.0446576 0.063396 0.0482979 0.0459997 0.0434083 0.0343267 
0.0603245 0.0414094 0.0561802 0.0429541 0.058531 0.0403178 0.0549556 0.0568573 0.0516086 0.0412047 0.0552572 0.0586923 0.0501888 0.0394783 0.0542632 0.0635087 0.0488771 0.0460118 0.0511167 0.0282627 
0.0531619 0.0440558 0.0549737 0.0483987 0.0431999 0.0461803 0.0618473 0.0546968 0.0468659 0.0484047 0.063088 0.0580584 0.0522348 0.0455734 0.0491321 0.0548228 0.0457249 0.0462948 0.0466874 0.0365983 
0.0454876 0.0562056 0.0430001 0.0481701 0.0311085 0.0557723 0.06023 0.0467435 0.0519486 0.0615186 0.0502365 0.0585224 0.0615141 0.0567551 0.067371 0.0488956 0.0276954 0.0511249 0.0432545 0.0344457 
0.0484501 0.0654375 0.0403568 0.0274503 0.0518081 0.0352287 0.0676746 0.0548074 0.0327634 0.0598578 0.152556 0.034905 0.0576328 0.032714 0.0426893 0.0445706 0.0547595 0.0360306 0.0356769 0.0246303 
0.0673922 0.0412732 0.0645228 0.0425438 0.0562541 0.0595785 0.0431875 0.0657479 0.041769 0.046018 0.0606616 0.0506862 0.0543091 0.0525527 0.0452765 0.0501257 0.0511398 0.0476647 0.034454 0.0248426 
0.0837156 0.0621136 0.0376719 0.0503879 0.0369335 0.032438 0.0470678 0.0482031 0.0483647 0.0472272 0.0438387 0.061919 0.0631677 0.0563873 0.0768613 0.0437152 0.0360474 0.0437054 0.0546307 0.025604 
0.0518203 0.0477247 0.054445 0.0602203 0.0498823 0.0482651 0.0531243 0.0493061 0.0497753 0.053072 0.0465474 0.0515367 0.0545753 0.0491362 0.0446063 0.0548672 0.0468742 0.0418762 0.05292 0.0394248 
0.0403141 0.0416855 0.0623231 0.0708779 0.0495023 0.0500706 0.0557834 0.0577238 0.0537427 0.0283959 0.0452474 0.0478392 0.0697028 0.0611551 0.0721683 0.041503 0.0326491 0.0364817 0.0586335 0.0242009 
0.053411 0.025072 0.0433753 0.0288289 0.0400975 0.0230644 0.0395953 0.118133 0.0407626 0.0389955 0.0402768 0.058169 0.0375117 0.073901 0.056583 0.117736 0.0248355 0.0501969 0.0325547 0.0568997 
0.0508513 0.0378008 0.0550762 0.0399641 0.05496 0.0502872 0.0565453 0.0512367 0.037121 0.043079 0.0597984 0.0551221 0.0516135 0.0519687 0.057436 0.0510028 0.0506603 0.0565563 0.0536318 0.0352885 
0.0862662 0.0592027 0.0717395 0.0539255 0.0598555 0.0333327 0.0305534 0.0582135 0.0447347 0.0334789 0.0450609 0.0572867 0.0554567 0.0487747 0.0563843 0.0328791 0.0545319 0.0372402 0.0468128 0.0342703 
0.0556932 0.0395416 0.0517583 0.043643 0.0566465 0.040382 0.0631283 0.0677189 0.0344176 0.0500116 0.0525982 0.0484023 0.0642323 0.0458585 0.0841496 0.0417621 0.0371895 0.0372039 0.0483649 0.037298 
0.0405439 0.0271911 0.0352868 0.0340136 0.0515558 0.0426896 0.0321264 0.242302 0.0453352 0.0390764 0.0627295 0.053069 0.0369311 0.0449038 0.0493904 0.0413104 0.0290856 0.0271993 0.0429337 0.0223263 
0.0485259 0.0448433 0.0474371 0.0560876 0.0495548 0.0457494 0.0474554 0.0582281 0.0551788 0.0397505 0.0509635 0.0473035 0.0581715 0.0520472 0.0552937 0.0596761 0.0476697 0.0445533 0.0546758 0.0368348 
0.061266 0.0322913 0.0448818 0.0452838 0.062576 0.0376008 0.057483 0.0560187 0.0504339 0.0400545 0.060812 0.0508619 0.0588445 0.0391068 0.052585 0.0600798 0.0740667 0.0430364 0.0423083 0.0304087 
0.0490945 0.0417924 0.0504014 0.0534218 0.0547034 0.0467627 0.0570189 0.0524866 0.0488263 0.0492573 0.0491288 0.0582794 0.0530337 0.0474945 0.0545256 0.0604879 0.0453159 0.0495291 0.0438919 0.0345478 
0.0459751 0.0426537 0.055529 0.0501813 0.0525393 0.0475366 0.0565412 0.0633928 0.0397071 0.0469072 0.0619981 0.0438244 0.058808 0.0484609 0.0556265 0.0508923 0.0477898 0.0435806 0.053123 0.0349332 
0.132223 0.0685485 0.0504134 0.0266113 0.0282934 0.0679013 0.0599491 0.0250368 0.0291826 0.052787 0.0307091 0.0191633 0.0235455 0.052303 0.0582221 0.098977 0.0354837 0.0829295 0.0309377 0.0267823 
0.0454195 0.0383562 0.0554492 0.0491219 0.0523456 0.0575612 0.0516431 0.0566277 0.0416174 0.058542 0.0596127 0.0468998 0.046983 0.0540018 0.0446317 0.0596131 0.053667 0.045629 0.0454361 0.036842 
0.00994367 0.00403809 0.0249935 0.00680771 0.0454695 0.0440318 0.0346137 0.00398031 0.358576 0.00388636 0.00894811 0.0169036 0.331571 0.0115353 0.0344963 0.0230235 0.0186266 0.012258 0.00319272 0.00310391 
0.000704232 0.000704217 0.000704233 0.000704229 0.00070423 0.000704225 0.000704233 0.141551 0.000704222 0.000704227 0.000704237 0.000704227 0.000704228 0.000704229 0.000704236 0.000704234 0.00070423 0.000704224 0.845773 0.000704221 
0.0805545 0.0359308 0.0575112 0.0431815 0.0406999 0.0374056 0.0460446 0.0568416 0.0431985 0.0531219 0.0587489 0.0419853 0.040427 0.0513184 0.0679358 0.0821124 0.0411424 0.048576 0.0465536 0.0267101 
0.0509557 0.0436012 0.0474251 0.0482077 0.0523812 0.0467312 0.0507026 0.0627463 0.0490796 0.050615 0.0594807 0.055454 0.0463756 0.0493743 0.062012 0.0483013 0.0527643 0.0505666 0.0396321 0.0335938 
0.043892 0.0048425 0.00789629 0.0375949 0.335256 0.00626322 0.0195945 0.00827742 0.0190511 0.0145043 0.0335243 0.0443406 0.00121154 0.194218 0.117033 0.00128219 0.0377037 4.5176e-05 0.0361007 0.0373689 
0.0485395 0.040509 0.0473167 0.0411316 0.0577746 0.0420246 0.062751 0.0501552 0.0502776 0.0440595 0.0522512 0.0564657 0.0604345 0.0508071 0.0520601 0.0466228 0.0429755 0.0506127 0.0503857 0.0528455 
0.0618988 0.0481061 0.0626841 0.0482455 0.0422473 0.061828 0.0424225 0.0614765 0.0465043 0.0470518 0.0483355 0.0441641 0.0540264 0.0619582 0.0442491 0.0542012 0.051703 0.0493679 0.0419569 0.0275728 
0.0280221 0.0312404 0.0389325 0.0268251 0.0371668 0.024774 0.0375783 0.111626 0.0262346 0.261269 0.0431964 0.0312891 0.0322358 0.0437499 0.0339028 0.0641109 0.025097 0.0412348 0.0432773 0.0182376 
0.0479011 0.0437878 0.0414697 0.0592353 0.0663517 0.0413417 0.104724 0.0399127 0.0586044 0.0515204 0.0407829 0.046093 0.043301 0.0429768 0.046585 0.0378575 0.0405081 0.0566436 0.0415261 0.048877 
0.0450609 0.0365898 0.0707439 0.0348138 0.0437809 0.0958312 0.0354508 0.0639795 0.0430255 0.0333297 0.0608034 0.0455698 0.0550951 0.0373725 0.0538356 0.0405395 0.0398918 0.048883 0.0898512 0.0255523 
0.0223509 0.017838 0.0266795 0.0195122 0.527107 0.0326792 0.0255711 0.0194462 0.0150761 0.0262506 0.0285844 0.0250961 0.0197389 0.0217876 0.0272886 0.0207059 0.0181607 0.0693159 0.0248464 0.011965 
0.0622037 0.0442399 0.0485558 0.0539697 0.0472473 0.0564216 0.0540046 0.0458764 0.0412768 0.0577427 0.0738185 0.07157 0.053888 0.03326 0.0602033 0.0489345 0.0345198 0.0446308 0.04216 0.0254766 
0.050015 0.0490025 0.0498097 0.0516558 0.0552164 0.0419857 0.0507372 0.0613207 0.0461925 0.0358708 0.0462725 0.0664399 0.053123 0.0724823 0.0457235 0.0455005 0.0424202 0.0508264 0.0499545 0.0354507 
0.0371853 0.050436 0.032462 0.0706514 0.0738578 0.0511047 0.0644657 0.0474088 0.0675199 0.044274 0.050228 0.0496451 0.0561814 0.0615265 0.0435406 0.0530455 0.0354335 0.0397954 0.0320829 0.0391554 
0.0551963 0.0440417 0.0604109 0.0525718 0.0492514 0.0484558 0.043753 0.0515105 0.0594346 0.0497513 0.0497077 0.0498084 0.0529512 0.0470632 0.0623435 0.0549867 0.0453203 0.0437584 0.0514162 0.0282671 
0.0525165 0.0565777 0.0575914 0.0437929 0.0524463 0.0514138 0.0459765 0.0537384 0.0459945 0.0473808 0.0542502 0.0530531 0.05631 0.0435137 0.0536041 0.0485449 0.0469437 0.0516596 0.0469442 0.0377474 
0.0777729 0.0445474 0.0561995 0.0572316 0.0506525 0.040944 0.0480861 0.0464413 0.0459751 0.0416384 0.0739282 0.0449641 0.0367399 0.0473216 0.0564139 0.0634988 0.0432821 0.0476355 0.0493886 0.0273385 
0.0558358 0.0457073 0.0537681 0.0473605 0.0591004 0.052552 0.0532716 0.0512282 0.0512366 0.0452396 0.0513417 0.0469881 0.0509444 0.0557834 0.0560695 0.0530397 0.0449352 0.0426322 0.0438045 0.0391609 
0.00920317 0.0189675 0.0103033 0.0296449 0.126505 0.12475 0.00684369 0.00740255 0.00800645 0.150352 0.0106127 0.00725852 0.00689334 0.0102867 0.114606 0.0153974 0.036897 0.127936 0.00720894 0.170925 
0.0575549 0.0426172 0.0490224 0.0629626 0.0433544 0.0542614 0.0452558 0.0587488 0.0404696 0.0447728 0.0522482 0.0480659 0.0545842 0.040209 0.0681249 0.0581707 0.040967 0.0528368 0.0521645 0.0336089 
0.0401983 0.0479706 0.0501203 0.0436055 0.0573651 0.0362782 0.0615055 0.0750873 0.0413733 0.0924786 0.0484456 0.0396625 0.0401026 0.0597973 0.0688352 0.0563649 0.0367374 0.0370053 0.0369377 0.0301289 
0.00145401 0.026433 0.000147545 0.000607926 0.000866894 0.00219286 0.00098775 0.000159408 0.00124048 7.37858e-05 0.000414482 0.270257 0.000565119 0.000842859 0.000361723 0.490109 0.00132945 0.0134834 0.0203672 0.168106 
0.0568163 0.0417214 0.0553735 0.0547502 0.051331 0.0475801 0.0483212 0.0570806 0.0462832 0.0471035 0.0594669 0.053155 0.0484096 0.0472746 0.0578082 0.0544877 0.0450815 0.0486567 0.0494559 0.0298429 
0.0716182 0.0344383 0.0367807 0.0651447 0.0496029 0.0302351 0.0388308 0.0755041 0.0445785 0.0691633 0.0698094 0.0507308 0.034255 0.00617857 0.0830203 0.0515182 0.0402529 0.0703588 0.0595858 0.0183938 
0.0045082 0.0038073 0.00498223 0.00428957 0.00431842 0.00453444 0.00439378 0.00472283 0.00430854 0.00418184 0.00417717 0.00443477 0.00451503 0.00386761 0.919443 0.00415468 0.00388499 0.00399943 0.00381369 0.00366209 
0.0516038 0.0502077 0.0498599 0.0493781 0.0500757 0.0499091 0.0563206 0.0576994 0.0418871 0.048016 0.0539127 0.0475345 0.0514043 0.0513045 0.0561053 0.0552746 0.0510387 0.0483147 0.0416049 0.0385485 
0.0275181 0.015382 0.243992 0.0257857 0.0478187 0.0478059 0.108958 2.43321e-05 3.08299e-05 2.31707e-05 0.0198786 2.56292e-05 0.0493184 0.123443 0.0466654 2.80292e-05 0.0199922 0.0448626 0.0293574 0.149089 
0.0609193 0.0544442 0.0533748 0.0640124 0.0383406 0.0420081 0.076401 0.0512811 0.0393471 0.0450378 0.030037 0.0718237 0.0426594 0.0570626 0.0311871 0.0372269 0.0532835 0.0391699 0.0581439 0.0542396 
0.0274882 0.0150056 0.0294435 0.508846 0.032068 0.0263529 0.0243528 0.0376801 0.0245661 0.0235836 0.0309831 0.0276883 0.0237739 0.0303842 0.0226913 0.028294 0.0234618 0.0190902 0.0288202 0.0154265 
0.00442431 0.00431722 0.00446591 0.00428345 0.00450886 0.0043942 0.00444077 0.00433336 0.00433809 0.00445267 0.00430856 0.00437116 0.00435936 0.00456373 0.00439362 0.00442966 0.00438868 0.00448562 0.916594 0.00414637 
0.0507215 0.0443448 0.0485257 0.0550246 0.0565431 0.0489218 0.05154 0.053464 0.0535554 0.0514016 0.0452743 0.0542658 0.0564223 0.0458287 0.0565684 0.055892 0.0428903 0.0522156 0.0393658 0.0372343 
0.0500545 0.0364636 0.0458824 0.0598069 0.0552293 0.0310199 0.0413747 0.0415374 0.0422382 0.0366261 0.101928 0.0664951 0.0409547 0.0340563 0.0906003 0.0667003 0.0456444 0.0287548 0.0500319 0.0346011 
0.052201 0.037877 0.0482868 0.0588442 0.0524845 0.0358181 0.041147 0.0448968 0.0428649 0.0416771 0.0876419 0.0642599 0.0435459 0.0353334 0.0834528 0.0659271 0.0456361 0.0337438 0.0508715 0.0334902 
0.0189681 0.190172 0.139048 0.064436 0.0171382 0.0267891 0.0593406 0.019056 0.0154547 0.0909605 0.0198519 0.0177469 0.125277 0.0265224 0.0599749 0.0181911 0.0150534 0.0162463 0.0498037 0.00996947 
0.0478976 0.0449253 0.0510941 0.0541561 0.0428004 0.0388661 0.0679732 0.0539918 0.0496154 0.0444303 0.0532769 0.0518708 0.0602578 0.0423429 0.0725535 0.0405071 0.056544 0.0498683 0.042108 0.0349206 
0.0416111 0.0565989 0.0443792 0.06951 0.0342791 0.0424226 0.0307824 0.0541446 0.0412229 0.0547766 0.0941488 0.064857 0.0361059 0.031772 0.0718456 0.0619237 0.0534133 0.0464814 0.0448507 0.0248743 
0.052688 0.0442247 0.0522027 0.0485855 0.0511025 0.0556802 0.0504487 0.0504092 0.0542234 0.0678788 0.0491011 0.0530446 0.0529949 0.0494376 0.0512616 0.048338 0.0398751 0.043472 0.0481393 0.036892 
0.0442609 0.0374241 0.0648868 0.0381939 0.0451963 0.0454849 0.0177352 0.0218856 0.0268132 0.0868597 0.0809806 0.025171 0.119191 0.0520916 0.0607771 0.0250396 0.0502959 0.0556145 0.0620828 0.0400161 
0.0585709 0.0389424 0.0609006 0.0535323 0.0515863 0.0506223 0.049655 0.0579683 0.04673 0.0494779 0.0549045 0.0532371 0.0524326 0.0439887 0.0596553 0.0528177 0.0423788 0.0456479 0.0445059 0.0324456 
0.0583066 0.0409722 0.05078 0.0571271 0.0521002 0.0429259 0.0452441 0.0574086 0.0415415 0.0445763 0.0544843 0.0545628 0.0515005 0.0519072 0.0589739 0.0551526 0.0465277 0.0490878 0.0556926 0.0311281 
0.0609476 0.0429233 0.0523256 0.0494966 0.0469457 0.0512957 0.0498887 0.0543223 0.0493176 0.04877 0.0549558 0.0569845 0.0522631 0.0491266 0.0532175 0.0562877 0.0409421 0.0483244 0.0414066 0.0402586 
0.0405511 0.0494409 0.0554694 0.041724 0.045611 0.0330908 0.0446739 0.0517739 0.0591588 0.0587294 0.0670983 0.0427274 0.0520353 0.0525132 0.0942977 0.0483413 0.0420961 0.038076 0.0453558 0.0372357 
0.0257132 0.0408514 0.063041 0.0867293 0.0444931 0.0524881 0.0317353 0.0475281 0.0619299 0.0601999 0.0506331 0.0325539 0.0534557 0.0499531 0.0712903 0.0557791 0.0472852 0.0421756 0.0578973 0.0242674 
0.036552 0.037995 0.058244 0.0514121 0.0471161 0.0400377 0.0429257 0.0621879 0.0458127 0.0533135 0.0516943 0.0546165 0.0508837 0.0529967 0.0634207 0.056624 0.0497922 0.055567 0.0495807 0.0392276 
0.00650251 0.00424141 0.00756905 0.00565059 0.00454971 0.00474641 0.00525031 0.00663876 0.00427443 0.0047799 0.00656902 0.00448059 0.00732623 0.00600877 0.00493921 0.00400943 0.00453885 0.00299848 0.00410013 0.900826 
0.0504086 0.0447562 0.0581347 0.0382558 0.0354217 0.0568416 0.0684034 0.0452089 0.0425446 0.0323417 0.0741684 0.0465727 0.0446754 0.0584679 0.0536955 0.0427395 0.0673266 0.0448766 0.0468925 0.0482678 
0.00021645 0.000216446 0.000216451 0.519696 0.00021645 0.000216448 0.000216451 0.000216451 0.000216447 0.000216449 0.303249 0.000216449 0.000216449 0.000216449 0.000216452 0.0435066 0.00021645 0.130086 0.000216448 0.000216447 
0.052779 0.0456244 0.0509194 0.03594 0.0393906 0.095365 0.0318735 0.0374114 0.0490748 0.0340032 0.0678301 0.11291 0.0453164 0.0355551 0.0502369 0.0414371 0.0366164 0.0318505 0.036932 0.068934 
0.0485967 0.0509667 0.0500143 0.0495869 0.0586776 0.0396605 0.068876 0.0796183 0.0426781 0.094368 0.036917 0.0364998 0.0371111 0.0525109 0.0606459 0.053673 0.0366885 0.0426636 0.0323209 0.0279261 
0.000241451 0.0324314 9.75123e-05 0.00130708 0.0575446 0.0205993 0.000676204 6.97773e-05 0.0214425 0.000102942 0.000246714 0.00571549 0.000592699 0.000457788 3.50395e-05 0.00285986 0.000376645 0.235507 0.00592418 0.613772 
0.0506467 0.0440416 0.0563182 0.0487542 0.0543139 0.0557852 0.0521992 0.0457796 0.046012 0.0451409 0.0620268 0.0444459 0.0584902 0.0512324 0.0570165 0.0496823 0.0490145 0.0418515 0.0474299 0.0398187 
0.043138 0.0377909 0.0544406 0.04487 0.0579051 0.0466471 0.0546071 0.0544692 0.0376771 0.0559043 0.0561571 0.0467625 0.0477705 0.0495666 0.0643746 0.0573995 0.0522596 0.0466045 0.0496037 0.0420522 
0.0502252 0.0390395 0.0450425 0.0429297 0.0632841 0.0795471 0.0519561 0.0574295 0.054087 0.0394185 0.0601717 0.0472753 0.0434519 0.0352202 0.074618 0.0605692 0.0413395 0.0483107 0.0403047 0.0257795 
0.0540535 0.0634903 0.0566903 0.0441698 0.0468066 0.0439408 0.0574778 0.0506747 0.0401349 0.0409637 0.0612486 0.0560463 0.0485236 0.0537751 0.0605308 0.0564938 0.0460605 0.0404886 0.0389702 0.0394599 
0.0134334 0.0135729 0.0281261 0.0503476 0.0310958 0.0400934 0.0221322 0.261884 0.0415365 0.0190779 0.0271805 0.0366329 0.121459 0.0543333 0.0742871 0.0136169 0.0259164 0.0650757 0.0353447 0.0248536 
0.0528553 0.0250444 0.0751019 0.0729206 0.0338907 0.0347957 0.080852 0.051651 0.0655745 0.0594676 0.0802571 0.0595619 0.0363887 0.0294852 0.0450558 0.024137 0.0581029 0.0506033 0.0383642 0.0258905 
0.0643692 0.0458311 0.0646627 0.0554136 0.0526884 0.0448598 0.0436722 0.057982 0.0378305 0.0602986 0.0379963 0.0491949 0.0488855 0.0436409 0.0485169 0.0596558 0.0528071 0.0497319 0.0467366 0.0352259 
0.0658473 0.0167509 0.0230358 0.0784637 0.0283448 0.0218634 0.045493 0.0653906 0.0966331 0.0293875 0.0462399 0.0259323 0.0606084 0.0926945 0.0436601 0.0558589 0.042024 0.0464165 0.0448976 0.0704578 
4.87787e-07 0.999991 4.80439e-07 4.90807e-07 4.90066e-07 5.042e-07 4.87176e-07 4.80081e-07 5.06454e-07 4.94126e-07 4.75038e-07 4.94138e-07 4.96394e-07 4.92305e-07 4.71563e-07 4.83739e-07 4.93499e-07 5.00203e-07 5.02555e-07 5.16445e-07 
0.000479792 0.000550858 0.000443747 0.00052595 0.000658434 0.000820594 0.0409347 0.000733342 0.000483978 0.00117376 0.000841527 0.000681693 0.000948845 0.000724448 0.000893838 0.000789227 0.946598 0.000554021 0.000440051 0.000722791 
0.00300608 0.00099862 0.00373538 0.0378005 0.00028294 9.7552e-05 0.00418983 0.000129744 0.00169218 0.00548254 0.00101279 0.000399102 0.0041929 0.00206955 8.21868e-05 0.867658 0.000190201 0.00065362 0.0650662 0.00125967 
0.0309581 0.0362149 0.000646577 0.0214631 0.000293763 0.0984964 0.000114696 0.00199829 0.196753 0.0585936 0.00357881 0.00213462 0.000699775 0.00508114 0.0118379 0.00139199 0.151797 0.265762 0.0235975 0.0885874 
0.0463975 0.0501654 0.0587113 0.0411362 0.0511671 0.0378279 0.0614617 0.0710447 0.0442287 0.107677 0.043481 0.0399027 0.0316089 0.0546694 0.0579926 0.0604493 0.0305999 0.0386341 0.0421308 0.0307134 
0.0384805 0.0228561 0.0311821 0.0390683 0.0294488 0.0309856 0.0290972 0.02903 0.0309783 0.0310696 0.111659 0.0322404 0.0303143 0.0300391 0.0309903 0.0329269 0.0280931 0.283155 0.0930306 0.015355 
0.0494452 0.0501253 0.0406599 0.0371157 0.049485 0.0531779 0.0382289 0.073609 0.0371664 0.0379943 0.0910628 0.0441523 0.0647352 0.0483382 0.0417394 0.0514551 0.0673802 0.0515961 0.0397819 0.0327512 
0.0509501 0.0412412 0.0555911 0.048655 0.0626953 0.0361209 0.0521525 0.0597095 0.0449183 0.0498556 0.0648233 0.0540429 0.0589805 0.0458555 0.052176 0.0553515 0.0520582 0.0407807 0.0395979 0.0344441 
3.59047e-06 7.70164e-05 7.18139e-07 2.89295e-06 0.000135319 5.92951e-06 0.000395509 1.35619e-08 0.00520485 7.38598e-07 1.34195e-08 0.00250521 6.92683e-05 2.17981e-06 0.000218247 0.000875415 0.00158638 6.97013e-05 3.46531e-05 0.988812 
0.0614602 0.0383063 0.0565595 0.0539312 0.0450493 0.0478909 0.0524988 0.0521874 0.0278168 0.0378489 0.055052 0.0666314 0.0667111 0.0425244 0.0671218 0.0705248 0.0317524 0.0351522 0.027568 0.0634125 
0.0659538 0.0142241 0.0340311 0.0512619 0.0330647 0.0580817 0.043328 0.016759 0.0241595 0.0326916 0.107551 0.0194728 0.0839965 0.0999514 0.0210369 0.0264751 0.0311257 0.0924649 0.086289 0.0580814 
0.069132 0.0388705 0.0522298 0.06327 0.0592767 0.0394627 0.0515117 0.0492004 0.0432702 0.0446224 0.0641208 0.0513959 0.0475717 0.0507121 0.0514319 0.0563423 0.0430023 0.04687 0.0458235 0.0318831 
0.0419018 0.0470401 0.0397164 0.0686417 0.0487844 0.0508798 0.0495907 0.0449723 0.0504058 0.0518804 0.0500263 0.0533163 0.0466045 0.0492572 0.0560881 0.0547576 0.0360818 0.0545099 0.0529957 0.0525492 
0.0335558 0.187547 0.0415718 0.0354359 0.0498358 0.0248312 0.0341875 0.0505451 0.0378569 0.0448397 0.0343154 0.0376054 0.0362817 0.161318 0.036649 0.0454589 0.0256431 0.0278628 0.0320082 0.0226513 
0.0167552 0.15014 0.141692 0.0931863 0.0162631 0.125144 0.0245494 0.0180277 0.0611718 0.0713297 0.0218955 0.0200321 0.0164216 0.0159538 0.0161736 0.0434314 0.109016 0.0106975 0.0165545 0.0115646 
0.0560107 0.0390785 0.0493982 0.050818 0.0451541 0.0429786 0.0529425 0.0528517 0.0463242 0.0511332 0.0646551 0.0483692 0.0505272 0.0495519 0.0838023 0.0483657 0.04334 0.0455688 0.0494061 0.0297238 
0.0541319 0.0341184 0.0491727 0.0573162 0.0585464 0.0417928 0.0489746 0.0554711 0.0492324 0.0485631 0.0636447 0.0455898 0.0434888 0.0443243 0.0595109 0.0549106 0.0511407 0.0577316 0.0449831 0.0373559 
0.0552052 0.0413318 0.0527752 0.0536554 0.0505309 0.0468237 0.0472053 0.055045 0.0452792 0.0484123 0.0593412 0.0527868 0.0527502 0.0513795 0.0571949 0.0563647 0.0417736 0.0473636 0.0500775 0.034704 
0.0729699 0.0448202 0.0438245 0.0458788 0.0523908 0.0456144 0.0413926 0.062646 0.0424712 0.0476482 0.0609847 0.0565041 0.0570532 0.0487571 0.0446352 0.0608076 0.0481264 0.0497664 0.0354814 0.0382274 
0.0592139 0.0410041 0.049122 0.0560902 0.0655216 0.0471949 0.0454215 0.0446437 0.0490256 0.0455906 0.0717967 0.0532609 0.0473415 0.0534781 0.06057 0.0439681 0.0399441 0.0453741 0.0460932 0.0353453 
0.069132 0.0388705 0.0522298 0.06327 0.0592767 0.0394627 0.0515117 0.0492004 0.0432702 0.0446224 0.0641208 0.0513959 0.0475717 0.0507121 0.0514319 0.0563423 0.0430023 0.04687 0.0458235 0.0318831 
0.0410268 0.0296666 0.0398363 0.366562 0.0478483 0.0246163 0.0312584 0.040991 0.0238034 0.0254882 0.0355943 0.0325504 0.0390398 0.0343422 0.030377 0.0390585 0.0335685 0.0320384 0.034479 0.0178549 
0.0575764 0.0581665 0.0556194 0.0588288 0.0563972 0.053543 0.0565673 0.0613885 0.0478918 0.0462983 0.0398816 0.061236 0.0418502 0.0466208 0.0523508 0.0341299 0.0491917 0.0432408 0.0504002 0.0288208 
0.0242878 0.0387496 0.0348427 0.0802635 0.0618539 0.0546219 0.0825755 0.0253018 0.0316385 0.0984812 0.0602058 0.0245453 0.0283987 0.0375176 0.0285254 0.0841942 0.0311906 0.0742304 0.0593361 0.0392394